# Created by Octave 4.0.2, Sun Oct 16 17:17:45 2016 CEST <milan@euclid>
# name: p1
# type: matrix
# rows: 4
# columns: 2
 120.4656373424997 54.84399080323711
 57.63626688823882 139.8685192984054
 120.4656373424997 167.5271008570746
 138.9046917149459 93.77088336729004


# name: p2
# type: matrix
# rows: 4
# columns: 2
 190.4905528301672 110.5026178904356
 80.53915453521063 181.8685875911993
 147.8075565976529 252.8930933221029
 204.4905755944319 166.8441729173543


