# Created by Octave 4.0.2, Sat Oct 15 14:57:44 2016 CEST <milan@euclid>
# name: p1
# type: matrix
# rows: 3
# columns: 2
 79.48996095928609 162.0636773393128
 113.2948939754374 74.64890105512369
 144.0266512628476 250.161381563222


# name: p2
# type: matrix
# rows: 3
# columns: 2
 88.73428981185327 153.5270780928099
 137.5636375018496 94.45381130701027
 112.9782316719214 222.5028000045529


