# Created by Octave 4.0.2, Sun Oct 09 10:33:20 2016 CEST <milan@euclid>
# name: p1
# type: matrix
# rows: 2
# columns: 2
 79.19184599897429 161.500208930844
 136.1729852418849 94.26246462420946


# name: p2
# type: matrix
# rows: 2
# columns: 2
 84.31640676935933 124.4624684229521
 172.6371725958708 116.4851089289446


